44 8 9 8 5 6 40 6 6 9 44 9 4 5 9 7
44 8 9 9 40 40 6 3 44 0 4 40 6 6 7 9
6 4 40 9 6 7 4 4 0 40 3 40 5 9 8 0
4 4 4 4 7 9 4 44 40 44 44 7 0 4 3 44
4 7 6 5 9 9 6 8 3 4 9 8 6 4 9 7
3 3 4 4 8 40 3 44 8 7 4 9 4 44 7 3
7 7 9 4 0 5 8 4 6 4 8 0 4 0 3 5
4 4 0 4 8 8 0 9 4 0 0 5 0 44 5 4
9 8 5 6 40 4 6 3 0 0 6 4 44 40 4 8
0 0 9 5 6 6 9 3 6 9 8 8 7 5 4 3
8 4 7 4 7 4 7 6 6 9 44 5 44 40 6 6
8 7 3 8 6 5 0 4 5 9 3 6 9 3 8 6
5 4 5 9 0 3 5 8 9 40 9 8 44 0 5 0
4 9 44 9 8 4 8 8 40 7 4 44 7 44 9 0
5 7 4 0 4 3 8 7 6 5 4 5 8 4 44 7
40 7 7 7 4 40 44 6 4 4 4 6 0 5 9 44
