42 0 7 4 4 6 7 9 4 4 4 0 9 4 42 5
42 2 4 42 9 5 2 6 5 0 0 5 5 6 2 6
4 4 2 2 2 8 42 42 42 42 4 2 8 2 42 8
0 7 4 42 2 2 9 4 42 42 5 7 6 0 4 9
9 42 5 8 42 4 42 8 7 0 2 6 4 9 8 2
4 4 9 8 5 6 6 8 2 4 4 4 42 42 0 4
9 4 6 6 5 0 9 5 42 0 7 4 9 5 4 7
42 0 4 0 6 6 6 2 6 0 42 0 2 9 4 6
8 5 7 4 4 6 4 9 0 4 7 9 8 42 0 42
4 9 4 7 9 4 9 42 4 4 9 4 42 42 8 9
4 4 0 6 6 4 4 8 2 6 6 7 6 8 42 4
42 5 6 42 6 8 9 0 8 42 9 5 4 5 4 5
2 6 7 42 42 0 2 2 4 8 9 0 4 0 6 7
8 6 5 0 7 8 8 7 0 4 8 7 6 42 8 4
42 5 5 6 4 4 7 9 5 4 0 4 9 2 0 9
9 7 2 8 42 4 8 42 42 42 0 42 6 8 9 8
